center_x = -14.229709902451239
center_y = 13.813389290380114
center_z = -5.012511440958003

size_x = 32.20800018310547
size_y = 22.190998077392578
size_z = 33.42900085449219